2.573
2.416
2.386
2.384
2.364
2.366
2.354
2.367
2.376
2.357
2.345
2.341
2.339
2.348
2.341
2.340
2.325
2.341
2.320
2.320
2.334
2.315
2.315
2.323
2.308
2.302
2.313
2.306
2.300
2.290
2.302
2.317
2.321
2.298
2.331
2.317
2.311
2.304
2.302
2.290
2.299
2.291
2.289
2.308
2.300
2.295
2.284
2.307
2.292
2.300
2.289
2.297
2.303
2.287
2.282
2.287
2.294
2.287
2.282
2.286
2.301
2.301
2.288
2.287
2.282
2.284
2.274
2.292
2.285
2.285
2.281
2.279
2.281
2.279
2.279
2.281
2.291
2.284
2.283
2.286
2.292
2.280
2.283
2.268
2.275
2.282
2.283
2.271
2.271
2.272
2.269
2.283
2.282
2.271
2.298
2.292
2.308
2.279
2.276
2.282
